Date	Temperature	Humidity
(2021, 10, 27, 2, 17, 31, 1, 0)	22.3	45.0%
(2021, 10, 27, 2, 17, 31, 6, 0)	22.3	45.0%
(2021, 10, 27, 2, 17, 31, 11, 0)	22.4	46.0%
(2021, 10, 27, 2, 17, 31, 16, 0)	22.4	45.0%
(2021, 10, 27, 2, 17, 31, 21, 0)	22.3	44.0%
(2021, 10, 27, 2, 17, 31, 26, 0)	22.4	44.0%
(2021, 10, 27, 2, 17, 31, 31, 0)	22.5	44.0%
(2021, 10, 27, 2, 17, 31, 36, 0)	22.4	46.0%
(2021, 10, 27, 2, 17, 31, 42, 0)	22.4	45.0%
(2021, 10, 27, 2, 17, 31, 47, 0)	22.4	44.0%
(2021, 10, 27, 2, 17, 31, 52, 0)	22.4	44.0%
(2021, 10, 27, 2, 17, 31, 57, 0)	22.4	44.0%
(2021, 10, 27, 2, 17, 32, 2, 0)	22.4	44.0%
(2021, 10, 27, 2, 17, 32, 7, 0)	22.4	44.0%
(2021, 10, 27, 2, 17, 32, 12, 0)	22.4	44.0%
(2021, 10, 27, 2, 17, 32, 17, 0)	22.4	44.0%
(2021, 10, 27, 2, 17, 32, 22, 0)	22.3	46.0%
(2021, 10, 27, 2, 17, 32, 27, 0)	22.3	46.0%
(2021, 10, 27, 2, 17, 32, 32, 0)	22.3	45.0%
(2021, 10, 27, 2, 17, 32, 37, 0)	22.4	44.0%
(2021, 10, 27, 2, 17, 32, 42, 0)	22.3	44.0%
(2021, 10, 27, 2, 17, 32, 48, 0)	22.4	44.0%
(2021, 10, 27, 2, 17, 32, 53, 0)	22.5	44.0%
(2021, 10, 27, 2, 17, 32, 58, 0)	22.4	44.0%
(2021, 10, 27, 2, 17, 33, 3, 0)	22.4	44.0%
(2021, 10, 27, 2, 17, 33, 8, 0)	22.4	44.0%
(2021, 10, 27, 2, 17, 33, 13, 0)	22.3	44.0%
(2021, 10, 27, 2, 17, 33, 18, 0)	22.4	44.0%
(2021, 10, 27, 2, 17, 33, 23, 0)	22.4	44.0%
(2021, 10, 27, 2, 17, 33, 28, 0)	22.4	44.0%
(2021, 10, 27, 2, 17, 33, 33, 0)	22.3	44.0%
(2021, 10, 27, 2, 17, 33, 38, 0)	22.4	44.0%
(2021, 10, 27, 2, 17, 33, 43, 0)	22.4	44.0%
(2021, 10, 27, 2, 17, 33, 49, 0)	22.3	44.0%
(2021, 10, 27, 2, 17, 33, 54, 0)	22.3	44.0%
(2021, 10, 27, 2, 17, 33, 59, 0)	22.3	44.0%
(2021, 10, 27, 2, 17, 34, 4, 0)	22.3	44.0%
(2021, 10, 27, 2, 17, 34, 9, 0)	22.3	44.0%
(2021, 10, 27, 2, 17, 34, 14, 0)	22.3	44.0%
(2021, 10, 27, 2, 17, 34, 19, 0)	22.4	44.0%
(2021, 10, 27, 2, 17, 34, 24, 0)	22.4	44.0%
(2021, 10, 27, 2, 17, 34, 29, 0)	22.3	44.0%
(2021, 10, 27, 2, 17, 34, 34, 0)	22.4	44.0%
(2021, 10, 27, 2, 17, 34, 39, 0)	22.3	44.0%
(2021, 10, 27, 2, 17, 34, 44, 0)	22.4	44.0%
(2021, 10, 27, 2, 17, 34, 50, 0)	22.3	44.0%
(2021, 10, 27, 2, 17, 34, 55, 0)	22.4	44.0%
(2021, 10, 27, 2, 17, 35, 0, 0)	22.4	44.0%
(2021, 10, 27, 2, 17, 35, 5, 0)	22.5	44.0%
(2021, 10, 27, 2, 17, 35, 10, 0)	22.5	44.0%
(2021, 10, 27, 2, 17, 35, 15, 0)	22.5	44.0%
(2021, 10, 27, 2, 17, 35, 20, 0)	22.5	44.0%
(2021, 10, 27, 2, 17, 35, 25, 0)	22.4	44.0%
(2021, 10, 27, 2, 17, 35, 30, 0)	22.6	44.0%
(2021, 10, 27, 2, 17, 35, 35, 0)	22.6	44.0%
(2021, 10, 27, 2, 17, 35, 40, 0)	22.5	44.0%
(2021, 10, 27, 2, 17, 35, 45, 0)	22.5	44.0%
(2021, 10, 27, 2, 17, 35, 50, 0)	22.5	43.0%
(2021, 10, 27, 2, 17, 35, 56, 0)	22.5	43.0%
(2021, 10, 27, 2, 17, 36, 1, 0)	22.6	43.0%
(2021, 10, 27, 2, 17, 36, 6, 0)	22.5	44.0%
(2021, 10, 27, 2, 17, 36, 11, 0)	22.5	43.0%
(2021, 10, 27, 2, 17, 36, 16, 0)	22.5	44.0%
(2021, 10, 27, 2, 17, 36, 21, 0)	22.5	43.0%
(2021, 10, 27, 2, 17, 36, 26, 0)	22.5	44.0%
(2021, 10, 27, 2, 17, 36, 31, 0)	22.4	43.0%
(2021, 10, 27, 2, 17, 36, 36, 0)	22.4	43.0%
(2021, 10, 27, 2, 17, 36, 41, 0)	22.5	43.0%
(2021, 10, 27, 2, 17, 36, 46, 0)	22.4	44.0%
(2021, 10, 27, 2, 17, 36, 51, 0)	22.4	43.0%
(2021, 10, 27, 2, 17, 36, 57, 0)	22.4	43.0%
(2021, 10, 27, 2, 17, 37, 2, 0)	22.4	43.0%
(2021, 10, 27, 2, 17, 37, 7, 0)	22.4	43.0%
(2021, 10, 27, 2, 17, 37, 12, 0)	22.4	43.0%
(2021, 10, 27, 2, 17, 37, 17, 0)	22.4	44.0%
(2021, 10, 27, 2, 17, 37, 22, 0)	22.4	44.0%
(2021, 10, 27, 2, 17, 37, 27, 0)	22.4	44.0%
(2021, 10, 27, 2, 17, 37, 32, 0)	22.4	44.0%
(2021, 10, 27, 2, 17, 37, 37, 0)	22.6	44.0%
(2021, 10, 27, 2, 17, 37, 42, 0)	22.5	44.0%
(2021, 10, 27, 2, 17, 37, 47, 0)	22.4	44.0%
(2021, 10, 27, 2, 17, 37, 52, 0)	22.6	43.0%
(2021, 10, 27, 2, 17, 37, 58, 0)	22.4	44.0%
(2021, 10, 27, 2, 17, 38, 3, 0)	22.5	43.0%
(2021, 10, 27, 2, 17, 38, 8, 0)	22.4	43.0%
(2021, 10, 27, 2, 17, 38, 13, 0)	22.4	43.0%
(2021, 10, 27, 2, 17, 38, 18, 0)	22.4	43.0%
(2021, 10, 27, 2, 17, 38, 23, 0)	22.5	43.0%
(2021, 10, 27, 2, 17, 38, 28, 0)	22.5	43.0%
(2021, 10, 27, 2, 17, 38, 33, 0)	22.6	43.0%
(2021, 10, 27, 2, 17, 38, 38, 0)	22.5	43.0%
(2021, 10, 27, 2, 17, 38, 43, 0)	22.5	43.0%
(2021, 10, 27, 2, 17, 38, 48, 0)	22.5	43.0%
(2021, 10, 27, 2, 17, 38, 53, 0)	22.5	43.0%
(2021, 10, 27, 2, 17, 38, 58, 0)	22.6	43.0%
(2021, 10, 27, 2, 17, 39, 4, 0)	22.5	43.0%
(2021, 10, 27, 2, 17, 39, 9, 0)	22.6	43.0%
(2021, 10, 27, 2, 17, 39, 14, 0)	22.5	43.0%
(2021, 10, 27, 2, 17, 39, 19, 0)	22.5	43.0%
(2021, 10, 27, 2, 17, 39, 24, 0)	22.5	43.0%
(2021, 10, 27, 2, 17, 39, 29, 0)	22.4	43.0%
(2021, 10, 27, 2, 17, 39, 34, 0)	22.5	43.0%
(2021, 10, 27, 2, 17, 39, 39, 0)	22.4	43.0%
(2021, 10, 27, 2, 17, 39, 44, 0)	22.5	43.0%
(2021, 10, 27, 2, 17, 39, 49, 0)	22.5	43.0%
(2021, 10, 27, 2, 17, 39, 54, 0)	22.4	43.0%
(2021, 10, 27, 2, 17, 39, 59, 0)	22.5	43.0%
(2021, 10, 27, 2, 17, 40, 5, 0)	22.6	43.0%
(2021, 10, 27, 2, 17, 40, 10, 0)	22.4	43.0%
(2021, 10, 27, 2, 17, 40, 15, 0)	22.4	43.0%
(2021, 10, 27, 2, 17, 40, 20, 0)	22.4	43.0%
(2021, 10, 27, 2, 17, 40, 25, 0)	22.5	43.0%
(2021, 10, 27, 2, 17, 40, 30, 0)	22.5	43.0%
(2021, 10, 27, 2, 17, 40, 35, 0)	22.4	43.0%
(2021, 10, 27, 2, 17, 40, 40, 0)	22.4	43.0%
(2021, 10, 27, 2, 17, 40, 45, 0)	22.5	43.0%
(2021, 10, 27, 2, 17, 40, 50, 0)	22.4	43.0%
(2021, 10, 27, 2, 17, 40, 55, 0)	22.4	43.0%
(2021, 10, 27, 2, 17, 41, 0, 0)	22.5	43.0%
(2021, 10, 27, 2, 17, 41, 5, 0)	22.4	43.0%
(2021, 10, 27, 2, 17, 41, 11, 0)	22.3	43.0%
(2021, 10, 27, 2, 17, 41, 16, 0)	22.4	43.0%
(2021, 10, 27, 2, 17, 41, 21, 0)	22.3	43.0%
(2021, 10, 27, 2, 17, 41, 26, 0)	22.3	43.0%
(2021, 10, 27, 2, 17, 41, 31, 0)	22.3	43.0%
(2021, 10, 27, 2, 17, 41, 36, 0)	22.3	43.0%
(2021, 10, 27, 2, 17, 41, 41, 0)	22.3	43.0%
(2021, 10, 27, 2, 17, 41, 46, 0)	22.3	43.0%
(2021, 10, 27, 2, 17, 41, 51, 0)	22.3	44.0%
(2021, 10, 27, 2, 17, 41, 56, 0)	22.3	44.0%
(2021, 10, 27, 2, 17, 42, 1, 0)	22.3	44.0%
(2021, 10, 27, 2, 17, 42, 6, 0)	22.3	44.0%
(2021, 10, 27, 2, 17, 42, 12, 0)	22.3	44.0%
(2021, 10, 27, 2, 17, 42, 17, 0)	22.3	44.0%
(2021, 10, 27, 2, 17, 42, 22, 0)	22.3	44.0%
(2021, 10, 27, 2, 17, 42, 27, 0)	22.3	44.0%
(2021, 10, 27, 2, 17, 42, 32, 0)	22.3	44.0%
(2021, 10, 27, 2, 17, 42, 37, 0)	22.3	44.0%
(2021, 10, 27, 2, 17, 42, 42, 0)	22.3	44.0%
(2021, 10, 27, 2, 17, 42, 47, 0)	22.3	44.0%
(2021, 10, 27, 2, 17, 42, 52, 0)	22.2	44.0%
(2021, 10, 27, 2, 17, 42, 57, 0)	22.2	44.0%
(2021, 10, 27, 2, 17, 43, 2, 0)	22.2	44.0%
(2021, 10, 27, 2, 17, 43, 7, 0)	22.2	44.0%
(2021, 10, 27, 2, 17, 43, 13, 0)	22.1	44.0%
(2021, 10, 27, 2, 17, 43, 18, 0)	22.1	44.0%
(2021, 10, 27, 2, 17, 43, 23, 0)	22.1	44.0%
(2021, 10, 27, 2, 17, 43, 28, 0)	22.1	44.0%
(2021, 10, 27, 2, 17, 43, 33, 0)	22.2	44.0%
(2021, 10, 27, 2, 17, 43, 38, 0)	22.1	44.0%
(2021, 10, 27, 2, 17, 43, 43, 0)	22.1	44.0%
(2021, 10, 27, 2, 17, 43, 48, 0)	22.1	44.0%
(2021, 10, 27, 2, 17, 43, 53, 0)	22.1	44.0%
(2021, 10, 27, 2, 17, 43, 58, 0)	22.1	44.0%
(2021, 10, 27, 2, 17, 44, 3, 0)	22.1	44.0%
(2021, 10, 27, 2, 17, 44, 8, 0)	22.1	44.0%
(2021, 10, 27, 2, 17, 44, 13, 0)	22.1	44.0%
(2021, 10, 27, 2, 17, 44, 19, 0)	22.1	44.0%
(2021, 10, 27, 2, 17, 44, 24, 0)	22.1	44.0%
(2021, 10, 27, 2, 17, 44, 29, 0)	22.1	44.0%
(2021, 10, 27, 2, 17, 44, 34, 0)	22.1	44.0%
(2021, 10, 27, 2, 17, 44, 39, 0)	22.1	44.0%
(2021, 10, 27, 2, 17, 44, 44, 0)	22.0	44.0%
(2021, 10, 27, 2, 17, 44, 49, 0)	22.0	44.0%
(2021, 10, 27, 2, 17, 44, 54, 0)	22.0	44.0%
(2021, 10, 27, 2, 17, 44, 59, 0)	22.0	44.0%
(2021, 10, 27, 2, 17, 45, 4, 0)	21.9	43.0%
(2021, 10, 27, 2, 17, 45, 9, 0)	21.9	43.0%
(2021, 10, 27, 2, 17, 45, 14, 0)	21.9	43.0%
(2021, 10, 27, 2, 17, 45, 20, 0)	22.0	45.0%
(2021, 10, 27, 2, 17, 45, 25, 0)	21.9	44.0%
(2021, 10, 27, 2, 17, 45, 30, 0)	22.0	44.0%
(2021, 10, 27, 2, 17, 45, 35, 0)	22.0	44.0%
(2021, 10, 27, 2, 17, 45, 40, 0)	21.9	43.0%
(2021, 10, 27, 2, 17, 45, 45, 0)	21.9	44.0%
(2021, 10, 27, 2, 17, 45, 50, 0)	22.0	45.0%
(2021, 10, 27, 2, 17, 45, 55, 0)	22.0	44.0%
(2021, 10, 27, 2, 17, 46, 0, 0)	22.0	44.0%
(2021, 10, 27, 2, 17, 46, 5, 0)	22.0	44.0%
(2021, 10, 27, 2, 17, 46, 10, 0)	22.0	44.0%
(2021, 10, 27, 2, 17, 46, 15, 0)	22.0	44.0%
(2021, 10, 27, 2, 17, 46, 20, 0)	22.0	44.0%
(2021, 10, 27, 2, 17, 46, 26, 0)	22.0	44.0%
(2021, 10, 27, 2, 17, 46, 31, 0)	22.0	44.0%
(2021, 10, 27, 2, 17, 46, 36, 0)	22.0	44.0%
(2021, 10, 27, 2, 17, 46, 41, 0)	22.0	44.0%
(2021, 10, 27, 2, 17, 46, 46, 0)	21.9	43.0%
(2021, 10, 27, 2, 17, 46, 51, 0)	21.9	43.0%
(2021, 10, 27, 2, 17, 46, 56, 0)	21.9	43.0%
(2021, 10, 27, 2, 17, 47, 1, 0)	21.9	43.0%
(2021, 10, 27, 2, 17, 47, 6, 0)	21.9	43.0%
(2021, 10, 27, 2, 17, 47, 11, 0)	21.9	43.0%
(2021, 10, 27, 2, 17, 47, 16, 0)	21.9	44.0%
(2021, 10, 27, 2, 17, 47, 21, 0)	21.9	44.0%
(2021, 10, 27, 2, 17, 47, 27, 0)	21.8	44.0%
(2021, 10, 27, 2, 17, 47, 32, 0)	21.8	44.0%
(2021, 10, 27, 2, 17, 47, 37, 0)	21.8	44.0%
(2021, 10, 27, 2, 17, 47, 42, 0)	21.8	44.0%
(2021, 10, 27, 2, 17, 47, 47, 0)	21.8	44.0%
(2021, 10, 27, 2, 17, 47, 52, 0)	21.8	44.0%
(2021, 10, 27, 2, 17, 47, 57, 0)	21.8	44.0%
(2021, 10, 27, 2, 17, 48, 2, 0)	21.8	44.0%
(2021, 10, 27, 2, 17, 48, 7, 0)	21.8	44.0%
(2021, 10, 27, 2, 17, 48, 12, 0)	21.8	44.0%
(2021, 10, 27, 2, 17, 48, 17, 0)	21.8	44.0%
(2021, 10, 27, 2, 17, 48, 22, 0)	21.7	44.0%
(2021, 10, 27, 2, 17, 48, 28, 0)	21.8	44.0%
(2021, 10, 27, 2, 17, 48, 33, 0)	21.8	44.0%
(2021, 10, 27, 2, 17, 48, 38, 0)	21.8	44.0%
(2021, 10, 27, 2, 17, 48, 43, 0)	21.8	44.0%
(2021, 10, 27, 2, 17, 48, 48, 0)	21.8	44.0%
(2021, 10, 27, 2, 17, 48, 53, 0)	21.8	44.0%
(2021, 10, 27, 2, 17, 48, 58, 0)	21.8	44.0%
(2021, 10, 27, 2, 17, 49, 3, 0)	21.8	44.0%
(2021, 10, 27, 2, 17, 49, 8, 0)	21.8	44.0%
(2021, 10, 27, 2, 17, 49, 13, 0)	21.8	44.0%
(2021, 10, 27, 2, 17, 49, 18, 0)	21.8	44.0%
(2021, 10, 27, 2, 17, 49, 23, 0)	21.8	44.0%
(2021, 10, 27, 2, 17, 49, 28, 0)	21.8	44.0%
(2021, 10, 27, 2, 17, 49, 34, 0)	21.8	44.0%
(2021, 10, 27, 2, 17, 49, 39, 0)	21.8	44.0%
(2021, 10, 27, 2, 17, 49, 44, 0)	21.8	44.0%
(2021, 10, 27, 2, 17, 49, 49, 0)	21.8	44.0%
(2021, 10, 27, 2, 17, 49, 54, 0)	21.8	44.0%
(2021, 10, 27, 2, 17, 49, 59, 0)	21.8	44.0%
(2021, 10, 27, 2, 17, 50, 4, 0)	21.8	44.0%
(2021, 10, 27, 2, 17, 50, 9, 0)	21.8	44.0%
(2021, 10, 27, 2, 17, 50, 14, 0)	21.8	44.0%
(2021, 10, 27, 2, 17, 50, 19, 0)	21.8	44.0%
(2021, 10, 27, 2, 17, 50, 24, 0)	21.8	44.0%
(2021, 10, 27, 2, 17, 50, 29, 0)	21.8	44.0%
(2021, 10, 27, 2, 17, 50, 35, 0)	21.8	44.0%
(2021, 10, 27, 2, 17, 50, 40, 0)	21.8	44.0%
(2021, 10, 27, 2, 17, 50, 45, 0)	21.8	44.0%
(2021, 10, 27, 2, 17, 50, 50, 0)	21.8	44.0%
(2021, 10, 27, 2, 17, 50, 55, 0)	21.8	44.0%
(2021, 10, 27, 2, 17, 51, 0, 0)	21.8	44.0%
(2021, 10, 27, 2, 17, 51, 5, 0)	21.8	44.0%
(2021, 10, 27, 2, 17, 51, 10, 0)	21.8	44.0%
(2021, 10, 27, 2, 17, 51, 15, 0)	21.8	44.0%
(2021, 10, 27, 2, 17, 51, 20, 0)	21.7	44.0%
(2021, 10, 27, 2, 17, 51, 25, 0)	21.8	44.0%
(2021, 10, 27, 2, 17, 51, 30, 0)	21.8	44.0%
(2021, 10, 27, 2, 17, 51, 36, 0)	21.8	44.0%
(2021, 10, 27, 2, 17, 51, 41, 0)	21.7	44.0%
(2021, 10, 27, 2, 17, 51, 46, 0)	21.8	44.0%
(2021, 10, 27, 2, 17, 51, 51, 0)	21.8	44.0%
(2021, 10, 27, 2, 17, 51, 56, 0)	21.8	44.0%
(2021, 10, 27, 2, 17, 52, 1, 0)	21.7	44.0%
(2021, 10, 27, 2, 17, 52, 6, 0)	21.7	44.0%
(2021, 10, 27, 2, 17, 52, 11, 0)	21.7	44.0%
(2021, 10, 27, 2, 17, 52, 16, 0)	21.7	44.0%
(2021, 10, 27, 2, 17, 52, 21, 0)	21.7	44.0%
(2021, 10, 27, 2, 17, 52, 26, 0)	21.7	44.0%
(2021, 10, 27, 2, 17, 52, 31, 0)	21.7	44.0%
(2021, 10, 27, 2, 17, 52, 36, 0)	21.7	44.0%
(2021, 10, 27, 2, 17, 52, 42, 0)	21.8	44.0%
(2021, 10, 27, 2, 17, 52, 47, 0)	21.8	44.0%
(2021, 10, 27, 2, 17, 52, 52, 0)	21.8	44.0%
(2021, 10, 27, 2, 17, 52, 57, 0)	21.8	44.0%
(2021, 10, 27, 2, 17, 53, 2, 0)	21.8	44.0%
(2021, 10, 27, 2, 17, 53, 7, 0)	21.8	44.0%
(2021, 10, 27, 2, 17, 53, 12, 0)	21.8	44.0%
(2021, 10, 27, 2, 17, 53, 17, 0)	21.8	44.0%
(2021, 10, 27, 2, 17, 53, 22, 0)	21.8	44.0%
(2021, 10, 27, 2, 17, 53, 27, 0)	21.7	44.0%
(2021, 10, 27, 2, 17, 53, 32, 0)	21.8	44.0%
(2021, 10, 27, 2, 17, 53, 37, 0)	21.8	44.0%
(2021, 10, 27, 2, 17, 53, 43, 0)	21.8	44.0%
(2021, 10, 27, 2, 17, 53, 48, 0)	21.8	44.0%
(2021, 10, 27, 2, 17, 53, 53, 0)	21.8	44.0%
(2021, 10, 27, 2, 17, 53, 58, 0)	21.8	44.0%
(2021, 10, 27, 2, 17, 54, 3, 0)	21.8	44.0%
(2021, 10, 27, 2, 17, 54, 8, 0)	21.8	44.0%
(2021, 10, 27, 2, 17, 54, 13, 0)	21.8	44.0%
(2021, 10, 27, 2, 17, 54, 18, 0)	21.8	44.0%
(2021, 10, 27, 2, 17, 54, 23, 0)	21.8	44.0%
(2021, 10, 27, 2, 17, 54, 28, 0)	21.8	44.0%
(2021, 10, 27, 2, 17, 54, 33, 0)	21.9	44.0%
(2021, 10, 27, 2, 17, 54, 38, 0)	21.8	44.0%
(2021, 10, 27, 2, 17, 54, 43, 0)	21.8	44.0%
(2021, 10, 27, 2, 17, 54, 49, 0)	21.9	44.0%
(2021, 10, 27, 2, 17, 54, 54, 0)	21.9	44.0%
(2021, 10, 27, 2, 17, 54, 59, 0)	21.9	44.0%
(2021, 10, 27, 2, 17, 55, 4, 0)	21.9	43.0%
(2021, 10, 27, 2, 17, 55, 9, 0)	21.9	44.0%
(2021, 10, 27, 2, 17, 55, 14, 0)	21.9	43.0%
(2021, 10, 27, 2, 17, 55, 19, 0)	21.9	43.0%
(2021, 10, 27, 2, 17, 55, 24, 0)	21.8	43.0%
(2021, 10, 27, 2, 17, 55, 29, 0)	21.8	43.0%
(2021, 10, 27, 2, 17, 55, 34, 0)	21.9	43.0%
(2021, 10, 27, 2, 17, 55, 39, 0)	21.9	43.0%
(2021, 10, 27, 2, 17, 55, 44, 0)	21.9	44.0%
(2021, 10, 27, 2, 17, 55, 50, 0)	21.8	43.0%
(2021, 10, 27, 2, 17, 55, 55, 0)	21.9	44.0%
(2021, 10, 27, 2, 17, 56, 0, 0)	21.8	44.0%
(2021, 10, 27, 2, 17, 56, 5, 0)	21.9	44.0%
(2021, 10, 27, 2, 17, 56, 10, 0)	21.8	44.0%
(2021, 10, 27, 2, 17, 56, 15, 0)	21.9	43.0%
(2021, 10, 27, 2, 17, 56, 20, 0)	21.9	44.0%
(2021, 10, 27, 2, 17, 56, 25, 0)	21.8	43.0%
(2021, 10, 27, 2, 17, 56, 30, 0)	21.8	43.0%
(2021, 10, 27, 2, 17, 56, 35, 0)	21.9	43.0%
(2021, 10, 27, 2, 17, 56, 40, 0)	21.9	43.0%
(2021, 10, 27, 2, 17, 56, 45, 0)	21.9	43.0%
(2021, 10, 27, 2, 17, 56, 51, 0)	21.9	43.0%
(2021, 10, 27, 2, 17, 56, 56, 0)	21.9	43.0%
(2021, 10, 27, 2, 17, 57, 1, 0)	21.9	43.0%
(2021, 10, 27, 2, 17, 57, 6, 0)	21.9	43.0%
(2021, 10, 27, 2, 17, 57, 11, 0)	22.0	44.0%
(2021, 10, 27, 2, 17, 57, 16, 0)	21.9	43.0%
(2021, 10, 27, 2, 17, 57, 21, 0)	21.9	43.0%
(2021, 10, 27, 2, 17, 57, 26, 0)	21.9	43.0%
(2021, 10, 27, 2, 17, 57, 31, 0)	21.9	43.0%
(2021, 10, 27, 2, 17, 57, 36, 0)	21.9	43.0%
(2021, 10, 27, 2, 17, 57, 41, 0)	21.9	43.0%
(2021, 10, 27, 2, 17, 57, 46, 0)	21.9	43.0%
(2021, 10, 27, 2, 17, 57, 51, 0)	21.9	43.0%
(2021, 10, 27, 2, 17, 57, 57, 0)	21.9	43.0%
(2021, 10, 27, 2, 17, 58, 2, 0)	22.0	44.0%
(2021, 10, 27, 2, 17, 58, 7, 0)	21.9	43.0%
(2021, 10, 27, 2, 17, 58, 12, 0)	21.9	43.0%
(2021, 10, 27, 2, 17, 58, 17, 0)	21.9	43.0%
(2021, 10, 27, 2, 17, 58, 22, 0)	21.9	43.0%
(2021, 10, 27, 2, 17, 58, 27, 0)	21.9	43.0%
(2021, 10, 27, 2, 17, 58, 32, 0)	21.9	43.0%
(2021, 10, 27, 2, 17, 58, 37, 0)	21.8	43.0%
(2021, 10, 27, 2, 17, 58, 42, 0)	21.8	43.0%
(2021, 10, 27, 2, 17, 58, 47, 0)	21.8	43.0%
(2021, 10, 27, 2, 17, 58, 52, 0)	21.7	44.0%
(2021, 10, 27, 2, 17, 58, 58, 0)	21.8	44.0%
(2021, 10, 27, 2, 17, 59, 3, 0)	21.7	44.0%
(2021, 10, 27, 2, 17, 59, 8, 0)	21.7	44.0%
(2021, 10, 27, 2, 17, 59, 13, 0)	21.7	44.0%
(2021, 10, 27, 2, 17, 59, 18, 0)	21.7	44.0%
(2021, 10, 27, 2, 17, 59, 23, 0)	21.7	44.0%
(2021, 10, 27, 2, 17, 59, 28, 0)	21.6	44.0%
(2021, 10, 27, 2, 17, 59, 33, 0)	21.6	44.0%
(2021, 10, 27, 2, 17, 59, 38, 0)	21.6	44.0%
(2021, 10, 27, 2, 17, 59, 43, 0)	21.6	44.0%
(2021, 10, 27, 2, 17, 59, 48, 0)	21.6	44.0%
(2021, 10, 27, 2, 17, 59, 53, 0)	21.6	44.0%
(2021, 10, 27, 2, 17, 59, 58, 0)	21.5	44.0%
(2021, 10, 27, 2, 18, 0, 4, 0)	21.6	44.0%
(2021, 10, 27, 2, 18, 0, 9, 0)	21.6	44.0%
(2021, 10, 27, 2, 18, 0, 14, 0)	21.5	44.0%
(2021, 10, 27, 2, 18, 0, 19, 0)	21.6	44.0%
(2021, 10, 27, 2, 18, 0, 24, 0)	21.6	44.0%
(2021, 10, 27, 2, 18, 0, 29, 0)	21.5	44.0%
(2021, 10, 27, 2, 18, 0, 34, 0)	21.5	44.0%
(2021, 10, 27, 2, 18, 0, 39, 0)	21.4	44.0%
(2021, 10, 27, 2, 18, 0, 44, 0)	21.5	44.0%
(2021, 10, 27, 2, 18, 0, 49, 0)	21.4	44.0%
(2021, 10, 27, 2, 18, 0, 54, 0)	21.6	45.0%
(2021, 10, 27, 2, 18, 0, 59, 0)	21.5	45.0%
(2021, 10, 27, 2, 18, 1, 5, 0)	21.5	45.0%
(2021, 10, 27, 2, 18, 1, 10, 0)	21.5	44.0%
(2021, 10, 27, 2, 18, 1, 15, 0)	21.5	45.0%
(2021, 10, 27, 2, 18, 1, 20, 0)	21.4	45.0%
(2021, 10, 27, 2, 18, 1, 25, 0)	21.4	45.0%
(2021, 10, 27, 2, 18, 1, 30, 0)	21.5	45.0%
(2021, 10, 27, 2, 18, 1, 35, 0)	21.5	45.0%
(2021, 10, 27, 2, 18, 1, 40, 0)	21.5	45.0%
(2021, 10, 27, 2, 18, 1, 45, 0)	21.5	45.0%
(2021, 10, 27, 2, 18, 1, 50, 0)	21.4	45.0%
(2021, 10, 27, 2, 18, 1, 55, 0)	21.5	45.0%
(2021, 10, 27, 2, 18, 2, 0, 0)	21.4	45.0%
(2021, 10, 27, 2, 18, 2, 6, 0)	21.4	45.0%
(2021, 10, 27, 2, 18, 2, 11, 0)	21.5	45.0%
(2021, 10, 27, 2, 18, 2, 16, 0)	21.3	45.0%
(2021, 10, 27, 2, 18, 2, 21, 0)	21.4	45.0%
(2021, 10, 27, 2, 18, 2, 26, 0)	21.4	45.0%
(2021, 10, 27, 2, 18, 2, 31, 0)	21.5	45.0%
(2021, 10, 27, 2, 18, 2, 36, 0)	21.4	45.0%
(2021, 10, 27, 2, 18, 2, 41, 0)	21.4	45.0%
(2021, 10, 27, 2, 18, 2, 46, 0)	21.5	45.0%
(2021, 10, 27, 2, 18, 2, 51, 0)	21.4	45.0%
(2021, 10, 27, 2, 18, 2, 56, 0)	21.4	45.0%
(2021, 10, 27, 2, 18, 3, 1, 0)	21.3	45.0%
(2021, 10, 27, 2, 18, 3, 6, 0)	21.3	45.0%
(2021, 10, 27, 2, 18, 3, 12, 0)	21.4	45.0%
(2021, 10, 27, 2, 18, 3, 17, 0)	21.4	45.0%
(2021, 10, 27, 2, 18, 3, 22, 0)	21.3	45.0%
(2021, 10, 27, 2, 18, 3, 27, 0)	21.4	45.0%
(2021, 10, 27, 2, 18, 3, 32, 0)	21.4	45.0%
(2021, 10, 27, 2, 18, 3, 37, 0)	21.4	45.0%
(2021, 10, 27, 2, 18, 3, 42, 0)	21.3	45.0%
(2021, 10, 27, 2, 18, 3, 47, 0)	21.5	45.0%
(2021, 10, 27, 2, 18, 3, 52, 0)	21.3	45.0%
(2021, 10, 27, 2, 18, 3, 57, 0)	21.4	45.0%
(2021, 10, 27, 2, 18, 4, 2, 0)	21.3	45.0%
(2021, 10, 27, 2, 18, 4, 7, 0)	21.4	45.0%
(2021, 10, 27, 2, 18, 4, 13, 0)	21.3	45.0%
(2021, 10, 27, 2, 18, 4, 18, 0)	21.4	45.0%
(2021, 10, 27, 2, 18, 4, 23, 0)	21.3	45.0%
(2021, 10, 27, 2, 18, 4, 28, 0)	21.3	45.0%
(2021, 10, 27, 2, 18, 4, 33, 0)	21.4	45.0%
(2021, 10, 27, 2, 18, 4, 38, 0)	21.4	45.0%
(2021, 10, 27, 2, 18, 4, 43, 0)	21.3	45.0%
(2021, 10, 27, 2, 18, 4, 48, 0)	21.3	45.0%
(2021, 10, 27, 2, 18, 4, 53, 0)	21.4	45.0%
(2021, 10, 27, 2, 18, 4, 58, 0)	21.3	45.0%
(2021, 10, 27, 2, 18, 5, 3, 0)	21.4	45.0%
(2021, 10, 27, 2, 18, 5, 8, 0)	21.4	45.0%
(2021, 10, 27, 2, 18, 5, 14, 0)	21.4	45.0%
(2021, 10, 27, 2, 18, 5, 19, 0)	21.4	45.0%
(2021, 10, 27, 2, 18, 5, 24, 0)	21.4	45.0%
(2021, 10, 27, 2, 18, 5, 29, 0)	21.4	45.0%
(2021, 10, 27, 2, 18, 5, 34, 0)	21.4	45.0%
(2021, 10, 27, 2, 18, 5, 39, 0)	21.4	45.0%
(2021, 10, 27, 2, 18, 5, 44, 0)	21.3	45.0%
(2021, 10, 27, 2, 18, 5, 49, 0)	21.5	45.0%
(2021, 10, 27, 2, 18, 5, 54, 0)	21.5	45.0%
(2021, 10, 27, 2, 18, 5, 59, 0)	21.4	45.0%
(2021, 10, 27, 2, 18, 6, 4, 0)	21.4	45.0%
(2021, 10, 27, 2, 18, 6, 9, 0)	21.4	45.0%
(2021, 10, 27, 2, 18, 6, 14, 0)	21.3	45.0%
(2021, 10, 27, 2, 18, 6, 20, 0)	21.3	45.0%
(2021, 10, 27, 2, 18, 6, 25, 0)	21.3	45.0%
(2021, 10, 27, 2, 18, 6, 30, 0)	21.3	45.0%
(2021, 10, 27, 2, 18, 6, 35, 0)	21.4	45.0%
(2021, 10, 27, 2, 18, 6, 40, 0)	21.3	45.0%
(2021, 10, 27, 2, 18, 6, 45, 0)	21.3	45.0%
(2021, 10, 27, 2, 18, 6, 50, 0)	21.3	45.0%
(2021, 10, 27, 2, 18, 6, 55, 0)	21.3	45.0%
(2021, 10, 27, 2, 18, 7, 0, 0)	21.3	45.0%
(2021, 10, 27, 2, 18, 7, 5, 0)	21.3	45.0%
(2021, 10, 27, 2, 18, 7, 10, 0)	21.3	45.0%
(2021, 10, 27, 2, 18, 7, 15, 0)	21.4	45.0%
(2021, 10, 27, 2, 18, 7, 21, 0)	21.3	45.0%
(2021, 10, 27, 2, 18, 7, 26, 0)	21.3	45.0%
(2021, 10, 27, 2, 18, 7, 31, 0)	21.4	45.0%
(2021, 10, 27, 2, 18, 7, 36, 0)	21.4	45.0%
(2021, 10, 27, 2, 18, 7, 41, 0)	21.3	45.0%
(2021, 10, 27, 2, 18, 7, 46, 0)	21.3	45.0%
(2021, 10, 27, 2, 18, 7, 51, 0)	21.3	45.0%
(2021, 10, 27, 2, 18, 7, 56, 0)	21.3	45.0%
(2021, 10, 27, 2, 18, 8, 1, 0)	21.3	45.0%
(2021, 10, 27, 2, 18, 8, 6, 0)	21.3	45.0%
(2021, 10, 27, 2, 18, 8, 11, 0)	21.3	45.0%
(2021, 10, 27, 2, 18, 8, 16, 0)	21.3	45.0%
(2021, 10, 27, 2, 18, 8, 21, 0)	21.3	45.0%
(2021, 10, 27, 2, 18, 8, 27, 0)	21.3	45.0%
(2021, 10, 27, 2, 18, 8, 32, 0)	21.3	45.0%
(2021, 10, 27, 2, 18, 8, 37, 0)	21.3	45.0%
(2021, 10, 27, 2, 18, 8, 42, 0)	21.3	45.0%
(2021, 10, 27, 2, 18, 8, 47, 0)	21.3	45.0%
(2021, 10, 27, 2, 18, 8, 52, 0)	21.3	45.0%
(2021, 10, 27, 2, 18, 8, 57, 0)	21.3	45.0%
(2021, 10, 27, 2, 18, 9, 2, 0)	21.4	45.0%
(2021, 10, 27, 2, 18, 9, 7, 0)	21.3	45.0%
(2021, 10, 27, 2, 18, 9, 12, 0)	21.3	45.0%
(2021, 10, 27, 2, 18, 9, 17, 0)	21.3	45.0%
(2021, 10, 27, 2, 18, 9, 22, 0)	21.3	45.0%
(2021, 10, 27, 2, 18, 9, 28, 0)	21.3	45.0%
(2021, 10, 27, 2, 18, 9, 33, 0)	21.3	45.0%
(2021, 10, 27, 2, 18, 9, 38, 0)	21.2	45.0%
(2021, 10, 27, 2, 18, 9, 43, 0)	21.3	45.0%
(2021, 10, 27, 2, 18, 9, 48, 0)	21.2	45.0%
(2021, 10, 27, 2, 18, 9, 53, 0)	21.2	45.0%
(2021, 10, 27, 2, 18, 9, 58, 0)	21.2	45.0%
(2021, 10, 27, 2, 18, 10, 3, 0)	21.2	45.0%
(2021, 10, 27, 2, 18, 10, 8, 0)	21.2	46.0%
(2021, 10, 27, 2, 18, 10, 13, 0)	21.2	46.0%
(2021, 10, 27, 2, 18, 10, 18, 0)	21.2	45.0%
(2021, 10, 27, 2, 18, 10, 23, 0)	21.2	45.0%
(2021, 10, 27, 2, 18, 10, 29, 0)	21.2	45.0%
(2021, 10, 27, 2, 18, 10, 34, 0)	21.3	45.0%
(2021, 10, 27, 2, 18, 10, 39, 0)	21.2	45.0%
(2021, 10, 27, 2, 18, 10, 44, 0)	21.2	45.0%
(2021, 10, 27, 2, 18, 10, 49, 0)	21.2	45.0%
(2021, 10, 27, 2, 18, 10, 54, 0)	21.2	45.0%
(2021, 10, 27, 2, 18, 10, 59, 0)	21.2	45.0%
(2021, 10, 27, 2, 18, 11, 4, 0)	21.2	45.0%
(2021, 10, 27, 2, 18, 11, 9, 0)	21.3	45.0%
(2021, 10, 27, 2, 18, 11, 14, 0)	21.3	45.0%
(2021, 10, 27, 2, 18, 11, 19, 0)	21.3	45.0%
(2021, 10, 27, 2, 18, 11, 24, 0)	21.3	45.0%
(2021, 10, 27, 2, 18, 11, 29, 0)	21.2	45.0%
(2021, 10, 27, 2, 18, 11, 35, 0)	21.2	45.0%
(2021, 10, 27, 2, 18, 11, 40, 0)	21.2	45.0%
(2021, 10, 27, 2, 18, 11, 45, 0)	21.2	45.0%
(2021, 10, 27, 2, 18, 11, 50, 0)	21.2	45.0%
(2021, 10, 27, 2, 18, 11, 55, 0)	21.2	45.0%
(2021, 10, 27, 2, 18, 12, 0, 0)	21.1	45.0%
(2021, 10, 27, 2, 18, 12, 5, 0)	21.1	45.0%
(2021, 10, 27, 2, 18, 12, 10, 0)	21.2	45.0%
(2021, 10, 27, 2, 18, 12, 15, 0)	21.1	46.0%
(2021, 10, 27, 2, 18, 12, 20, 0)	21.1	45.0%
(2021, 10, 27, 2, 18, 12, 25, 0)	21.1	46.0%
(2021, 10, 27, 2, 18, 12, 30, 0)	21.1	46.0%
(2021, 10, 27, 2, 18, 12, 36, 0)	21.1	46.0%
(2021, 10, 27, 2, 18, 12, 41, 0)	21.1	46.0%
(2021, 10, 27, 2, 18, 12, 46, 0)	21.1	46.0%
(2021, 10, 27, 2, 18, 12, 51, 0)	21.0	46.0%
(2021, 10, 27, 2, 18, 12, 56, 0)	21.1	46.0%
(2021, 10, 27, 2, 18, 13, 1, 0)	21.1	46.0%
(2021, 10, 27, 2, 18, 13, 6, 0)	21.0	46.0%
(2021, 10, 27, 2, 18, 13, 11, 0)	21.1	46.0%
(2021, 10, 27, 2, 18, 13, 16, 0)	21.1	46.0%
(2021, 10, 27, 2, 18, 13, 21, 0)	21.1	46.0%
(2021, 10, 27, 2, 18, 13, 26, 0)	21.1	46.0%
(2021, 10, 27, 2, 18, 13, 31, 0)	21.1	46.0%
(2021, 10, 27, 2, 18, 13, 36, 0)	21.1	46.0%
(2021, 10, 27, 2, 18, 13, 42, 0)	21.2	46.0%
(2021, 10, 27, 2, 18, 13, 47, 0)	21.2	46.0%
(2021, 10, 27, 2, 18, 13, 52, 0)	21.1	46.0%
(2021, 10, 27, 2, 18, 13, 57, 0)	21.1	45.0%
(2021, 10, 27, 2, 18, 14, 2, 0)	21.2	46.0%
(2021, 10, 27, 2, 18, 14, 7, 0)	21.1	46.0%
(2021, 10, 27, 2, 18, 14, 12, 0)	21.2	46.0%
(2021, 10, 27, 2, 18, 14, 17, 0)	21.1	46.0%
(2021, 10, 27, 2, 18, 14, 22, 0)	21.1	46.0%
(2021, 10, 27, 2, 18, 14, 27, 0)	21.1	46.0%
(2021, 10, 27, 2, 18, 14, 32, 0)	21.1	46.0%
(2021, 10, 27, 2, 18, 14, 37, 0)	21.1	46.0%
(2021, 10, 27, 2, 18, 14, 43, 0)	21.1	46.0%
(2021, 10, 27, 2, 18, 14, 48, 0)	21.1	46.0%
(2021, 10, 27, 2, 18, 14, 53, 0)	21.1	46.0%
(2021, 10, 27, 2, 18, 14, 58, 0)	21.2	46.0%
(2021, 10, 27, 2, 18, 15, 3, 0)	21.2	46.0%
(2021, 10, 27, 2, 18, 15, 8, 0)	21.1	46.0%
(2021, 10, 27, 2, 18, 15, 13, 0)	21.1	46.0%
(2021, 10, 27, 2, 18, 15, 18, 0)	21.1	45.0%
(2021, 10, 27, 2, 18, 15, 23, 0)	21.1	45.0%
(2021, 10, 27, 2, 18, 15, 28, 0)	21.1	46.0%
(2021, 10, 27, 2, 18, 15, 33, 0)	21.1	46.0%
(2021, 10, 27, 2, 18, 15, 38, 0)	21.1	46.0%
(2021, 10, 27, 2, 18, 15, 44, 0)	21.2	46.0%
(2021, 10, 27, 2, 18, 15, 49, 0)	21.2	45.0%
(2021, 10, 27, 2, 18, 15, 54, 0)	21.3	45.0%
(2021, 10, 27, 2, 18, 15, 59, 0)	21.1	45.0%
(2021, 10, 27, 2, 18, 16, 4, 0)	21.2	45.0%
(2021, 10, 27, 2, 18, 16, 9, 0)	21.2	45.0%
(2021, 10, 27, 2, 18, 16, 14, 0)	21.2	45.0%
(2021, 10, 27, 2, 18, 16, 19, 0)	21.3	45.0%
(2021, 10, 27, 2, 18, 16, 24, 0)	21.3	45.0%
(2021, 10, 27, 2, 18, 16, 29, 0)	21.2	45.0%
(2021, 10, 27, 2, 18, 16, 34, 0)	21.3	45.0%
(2021, 10, 27, 2, 18, 16, 39, 0)	21.3	45.0%
(2021, 10, 27, 2, 18, 16, 44, 0)	21.1	45.0%
(2021, 10, 27, 2, 18, 16, 50, 0)	21.1	45.0%
(2021, 10, 27, 2, 18, 16, 55, 0)	21.1	46.0%
(2021, 10, 27, 2, 18, 17, 0, 0)	21.2	45.0%
(2021, 10, 27, 2, 18, 17, 5, 0)	21.2	45.0%
(2021, 10, 27, 2, 18, 17, 10, 0)	21.2	45.0%
(2021, 10, 27, 2, 18, 17, 15, 0)	21.2	45.0%
(2021, 10, 27, 2, 18, 17, 20, 0)	21.3	45.0%
(2021, 10, 27, 2, 18, 17, 25, 0)	21.1	45.0%
(2021, 10, 27, 2, 18, 17, 30, 0)	21.3	45.0%
(2021, 10, 27, 2, 18, 17, 35, 0)	21.2	45.0%
(2021, 10, 27, 2, 18, 17, 40, 0)	21.1	45.0%
(2021, 10, 27, 2, 18, 17, 45, 0)	21.1	45.0%
(2021, 10, 27, 2, 18, 17, 51, 0)	21.2	45.0%
(2021, 10, 27, 2, 18, 17, 56, 0)	21.2	45.0%
(2021, 10, 27, 2, 18, 18, 1, 0)	21.1	45.0%
(2021, 10, 27, 2, 18, 18, 6, 0)	21.2	45.0%
(2021, 10, 27, 2, 18, 18, 11, 0)	21.1	46.0%
(2021, 10, 27, 2, 18, 18, 16, 0)	21.0	46.0%
(2021, 10, 27, 2, 18, 18, 21, 0)	21.1	45.0%
(2021, 10, 27, 2, 18, 18, 26, 0)	21.1	45.0%
(2021, 10, 27, 2, 18, 18, 31, 0)	21.1	46.0%
(2021, 10, 27, 2, 18, 18, 36, 0)	21.0	46.0%
(2021, 10, 27, 2, 18, 18, 41, 0)	21.1	46.0%
(2021, 10, 27, 2, 18, 18, 46, 0)	21.1	46.0%
(2021, 10, 27, 2, 18, 18, 52, 0)	21.2	46.0%
(2021, 10, 27, 2, 18, 18, 57, 0)	21.1	46.0%
(2021, 10, 27, 2, 18, 19, 2, 0)	21.1	46.0%
(2021, 10, 27, 2, 18, 19, 7, 0)	21.1	46.0%
(2021, 10, 27, 2, 18, 19, 12, 0)	21.1	46.0%
(2021, 10, 27, 2, 18, 19, 17, 0)	21.1	46.0%
(2021, 10, 27, 2, 18, 19, 22, 0)	21.2	46.0%
(2021, 10, 27, 2, 18, 19, 27, 0)	21.2	45.0%
(2021, 10, 27, 2, 18, 19, 32, 0)	21.1	45.0%
(2021, 10, 27, 2, 18, 19, 37, 0)	21.1	46.0%
(2021, 10, 27, 2, 18, 19, 42, 0)	21.1	46.0%
(2021, 10, 27, 2, 18, 19, 47, 0)	21.1	46.0%
(2021, 10, 27, 2, 18, 19, 52, 0)	21.1	46.0%
(2021, 10, 27, 2, 18, 19, 58, 0)	21.2	46.0%
(2021, 10, 27, 2, 18, 20, 3, 0)	21.1	46.0%
(2021, 10, 27, 2, 18, 20, 8, 0)	21.1	45.0%
(2021, 10, 27, 2, 18, 20, 13, 0)	21.1	45.0%
(2021, 10, 27, 2, 18, 20, 18, 0)	21.1	45.0%
(2021, 10, 27, 2, 18, 20, 23, 0)	21.2	45.0%
(2021, 10, 27, 2, 18, 20, 28, 0)	21.2	45.0%
(2021, 10, 27, 2, 18, 20, 33, 0)	21.2	45.0%
(2021, 10, 27, 2, 18, 20, 38, 0)	21.2	45.0%
(2021, 10, 27, 2, 18, 20, 43, 0)	21.2	45.0%
(2021, 10, 27, 2, 18, 20, 48, 0)	21.2	45.0%
(2021, 10, 27, 2, 18, 20, 53, 0)	21.2	45.0%
(2021, 10, 27, 2, 18, 20, 59, 0)	21.2	45.0%
(2021, 10, 27, 2, 18, 21, 4, 0)	21.3	45.0%
(2021, 10, 27, 2, 18, 21, 9, 0)	21.2	45.0%
(2021, 10, 27, 2, 18, 21, 14, 0)	21.2	45.0%
(2021, 10, 27, 2, 18, 21, 19, 0)	21.1	45.0%
(2021, 10, 27, 2, 18, 21, 24, 0)	21.1	45.0%
(2021, 10, 27, 2, 18, 21, 29, 0)	21.2	45.0%
(2021, 10, 27, 2, 18, 21, 34, 0)	21.2	45.0%
(2021, 10, 27, 2, 18, 21, 39, 0)	21.1	45.0%
(2021, 10, 27, 2, 18, 21, 44, 0)	21.2	45.0%
(2021, 10, 27, 2, 18, 21, 49, 0)	21.2	45.0%
(2021, 10, 27, 2, 18, 21, 54, 0)	21.2	45.0%
(2021, 10, 27, 2, 18, 21, 59, 0)	21.1	45.0%
(2021, 10, 27, 2, 18, 22, 5, 0)	21.1	45.0%
(2021, 10, 27, 2, 18, 22, 10, 0)	21.1	45.0%
(2021, 10, 27, 2, 18, 22, 15, 0)	21.1	45.0%
(2021, 10, 27, 2, 18, 22, 20, 0)	21.1	45.0%
(2021, 10, 27, 2, 18, 22, 25, 0)	21.1	45.0%
(2021, 10, 27, 2, 18, 22, 30, 0)	21.1	45.0%
(2021, 10, 27, 2, 18, 22, 35, 0)	21.1	46.0%
(2021, 10, 27, 2, 18, 22, 40, 0)	21.1	46.0%
(2021, 10, 27, 2, 18, 22, 45, 0)	21.1	45.0%
(2021, 10, 27, 2, 18, 22, 50, 0)	21.1	46.0%
(2021, 10, 27, 2, 18, 22, 55, 0)	21.1	46.0%
(2021, 10, 27, 2, 18, 23, 0, 0)	21.0	46.0%
(2021, 10, 27, 2, 18, 23, 6, 0)	21.0	46.0%
(2021, 10, 27, 2, 18, 23, 11, 0)	21.0	46.0%
(2021, 10, 27, 2, 18, 23, 16, 0)	21.0	46.0%
(2021, 10, 27, 2, 18, 23, 21, 0)	21.1	46.0%
(2021, 10, 27, 2, 18, 23, 26, 0)	21.0	45.0%
(2021, 10, 27, 2, 18, 23, 31, 0)	21.1	46.0%
(2021, 10, 27, 2, 18, 23, 36, 0)	21.1	46.0%
(2021, 10, 27, 2, 18, 23, 41, 0)	21.0	46.0%
(2021, 10, 27, 2, 18, 23, 46, 0)	21.1	46.0%
(2021, 10, 27, 2, 18, 23, 51, 0)	21.1	46.0%
(2021, 10, 27, 2, 18, 23, 56, 0)	21.1	46.0%
(2021, 10, 27, 2, 18, 24, 1, 0)	21.1	46.0%
(2021, 10, 27, 2, 18, 24, 7, 0)	21.1	46.0%
(2021, 10, 27, 2, 18, 24, 12, 0)	21.1	46.0%
(2021, 10, 27, 2, 18, 24, 17, 0)	21.0	46.0%
(2021, 10, 27, 2, 18, 24, 22, 0)	21.1	45.0%
(2021, 10, 27, 2, 18, 24, 27, 0)	21.1	45.0%
(2021, 10, 27, 2, 18, 24, 32, 0)	21.1	46.0%
(2021, 10, 27, 2, 18, 24, 37, 0)	21.1	45.0%
(2021, 10, 27, 2, 18, 24, 42, 0)	21.1	45.0%
(2021, 10, 27, 2, 18, 24, 47, 0)	21.2	45.0%
(2021, 10, 27, 2, 18, 24, 52, 0)	21.2	46.0%
(2021, 10, 27, 2, 18, 24, 57, 0)	21.2	45.0%
(2021, 10, 27, 2, 18, 25, 2, 0)	21.2	45.0%
(2021, 10, 27, 2, 18, 25, 7, 0)	21.2	45.0%
(2021, 10, 27, 2, 18, 25, 13, 0)	21.2	45.0%
(2021, 10, 27, 2, 18, 25, 18, 0)	21.2	45.0%
(2021, 10, 27, 2, 18, 25, 23, 0)	21.1	45.0%
(2021, 10, 27, 2, 18, 25, 28, 0)	21.2	45.0%
(2021, 10, 27, 2, 18, 25, 33, 0)	21.2	45.0%
(2021, 10, 27, 2, 18, 25, 38, 0)	21.2	45.0%
(2021, 10, 27, 2, 18, 25, 43, 0)	21.3	45.0%
(2021, 10, 27, 2, 18, 25, 48, 0)	21.2	45.0%
(2021, 10, 27, 2, 18, 25, 53, 0)	21.3	45.0%
(2021, 10, 27, 2, 18, 25, 58, 0)	21.3	45.0%
(2021, 10, 27, 2, 18, 26, 3, 0)	21.3	45.0%
(2021, 10, 27, 2, 18, 26, 8, 0)	21.3	45.0%
(2021, 10, 27, 2, 18, 26, 14, 0)	21.2	45.0%
(2021, 10, 27, 2, 18, 26, 19, 0)	21.2	45.0%
(2021, 10, 27, 2, 18, 26, 24, 0)	21.2	45.0%
(2021, 10, 27, 2, 18, 26, 29, 0)	21.3	45.0%
(2021, 10, 27, 2, 18, 26, 34, 0)	21.3	45.0%
(2021, 10, 27, 2, 18, 26, 39, 0)	21.2	45.0%
(2021, 10, 27, 2, 18, 26, 44, 0)	21.2	45.0%
(2021, 10, 27, 2, 18, 26, 49, 0)	21.2	45.0%
(2021, 10, 27, 2, 18, 26, 54, 0)	21.3	45.0%
(2021, 10, 27, 2, 18, 26, 59, 0)	21.2	45.0%
(2021, 10, 27, 2, 18, 27, 4, 0)	21.2	45.0%
(2021, 10, 27, 2, 18, 27, 9, 0)	21.2	45.0%
(2021, 10, 27, 2, 18, 27, 14, 0)	21.2	45.0%
(2021, 10, 27, 2, 18, 27, 20, 0)	21.2	45.0%
(2021, 10, 27, 2, 18, 27, 25, 0)	21.2	45.0%
(2021, 10, 27, 2, 18, 27, 30, 0)	21.3	45.0%
(2021, 10, 27, 2, 18, 27, 35, 0)	21.2	45.0%
(2021, 10, 27, 2, 18, 27, 40, 0)	21.3	45.0%
(2021, 10, 27, 2, 18, 27, 45, 0)	21.3	45.0%
(2021, 10, 27, 2, 18, 27, 50, 0)	21.3	45.0%
(2021, 10, 27, 2, 18, 27, 55, 0)	21.2	45.0%
(2021, 10, 27, 2, 18, 28, 0, 0)	21.3	45.0%
(2021, 10, 27, 2, 18, 28, 5, 0)	21.3	45.0%
(2021, 10, 27, 2, 18, 28, 10, 0)	21.3	45.0%
(2021, 10, 27, 2, 18, 28, 15, 0)	21.2	45.0%
(2021, 10, 27, 2, 18, 28, 21, 0)	21.3	45.0%
(2021, 10, 27, 2, 18, 28, 26, 0)	21.2	45.0%
(2021, 10, 27, 2, 18, 28, 31, 0)	21.2	45.0%
(2021, 10, 27, 2, 18, 28, 36, 0)	21.2	45.0%
(2021, 10, 27, 2, 18, 28, 41, 0)	21.3	45.0%
(2021, 10, 27, 2, 18, 28, 46, 0)	21.3	45.0%
(2021, 10, 27, 2, 18, 28, 51, 0)	21.2	45.0%
(2021, 10, 27, 2, 18, 28, 56, 0)	21.2	45.0%
(2021, 10, 27, 2, 18, 29, 1, 0)	21.3	45.0%
(2021, 10, 27, 2, 18, 29, 6, 0)	21.2	45.0%
(2021, 10, 27, 2, 18, 29, 11, 0)	21.2	45.0%
(2021, 10, 27, 2, 18, 29, 16, 0)	21.2	45.0%
(2021, 10, 27, 2, 18, 29, 22, 0)	21.1	45.0%
(2021, 10, 27, 2, 18, 29, 27, 0)	21.2	45.0%
(2021, 10, 27, 2, 18, 29, 32, 0)	21.2	45.0%
(2021, 10, 27, 2, 18, 29, 37, 0)	21.2	45.0%
(2021, 10, 27, 2, 18, 29, 42, 0)	21.3	45.0%
(2021, 10, 27, 2, 18, 29, 47, 0)	21.2	45.0%
(2021, 10, 27, 2, 18, 29, 52, 0)	21.2	45.0%
(2021, 10, 27, 2, 18, 29, 57, 0)	21.3	45.0%
(2021, 10, 27, 2, 18, 30, 2, 0)	21.2	45.0%
(2021, 10, 27, 2, 18, 30, 7, 0)	21.3	45.0%
(2021, 10, 27, 2, 18, 30, 12, 0)	21.3	45.0%
(2021, 10, 27, 2, 18, 30, 17, 0)	21.2	45.0%
(2021, 10, 27, 2, 18, 30, 22, 0)	21.2	45.0%
(2021, 10, 27, 2, 18, 30, 28, 0)	21.3	45.0%
(2021, 10, 27, 2, 18, 30, 33, 0)	21.2	45.0%
(2021, 10, 27, 2, 18, 30, 38, 0)	21.1	45.0%
(2021, 10, 27, 2, 18, 30, 43, 0)	21.1	45.0%
(2021, 10, 27, 2, 18, 30, 48, 0)	21.1	45.0%
(2021, 10, 27, 2, 18, 30, 53, 0)	21.3	45.0%
(2021, 10, 27, 2, 18, 30, 58, 0)	21.1	45.0%
(2021, 10, 27, 2, 18, 31, 3, 0)	21.1	45.0%
(2021, 10, 27, 2, 18, 31, 8, 0)	21.2	45.0%
(2021, 10, 27, 2, 18, 31, 13, 0)	21.1	45.0%
(2021, 10, 27, 2, 18, 31, 18, 0)	21.2	45.0%
(2021, 10, 27, 2, 18, 31, 23, 0)	21.2	45.0%
(2021, 10, 27, 2, 18, 31, 29, 0)	21.2	45.0%
(2021, 10, 27, 2, 18, 31, 34, 0)	21.1	45.0%
(2021, 10, 27, 2, 18, 31, 39, 0)	21.1	45.0%
(2021, 10, 27, 2, 18, 31, 44, 0)	21.2	45.0%
(2021, 10, 27, 2, 18, 31, 49, 0)	21.1	45.0%
(2021, 10, 27, 2, 18, 31, 54, 0)	21.1	45.0%
(2021, 10, 27, 2, 18, 31, 59, 0)	21.1	45.0%
(2021, 10, 27, 2, 18, 32, 4, 0)	21.1	45.0%
(2021, 10, 27, 2, 18, 32, 9, 0)	21.1	45.0%
(2021, 10, 27, 2, 18, 32, 14, 0)	21.1	45.0%
(2021, 10, 27, 2, 18, 32, 19, 0)	21.2	45.0%
(2021, 10, 27, 2, 18, 32, 24, 0)	21.2	45.0%
(2021, 10, 27, 2, 18, 32, 30, 0)	21.1	45.0%
(2021, 10, 27, 2, 18, 32, 35, 0)	21.1	45.0%
(2021, 10, 27, 2, 18, 32, 40, 0)	21.2	45.0%
(2021, 10, 27, 2, 18, 32, 45, 0)	21.1	45.0%
(2021, 10, 27, 2, 18, 32, 50, 0)	21.2	45.0%
(2021, 10, 27, 2, 18, 32, 55, 0)	21.2	45.0%
(2021, 10, 27, 2, 18, 33, 0, 0)	21.2	45.0%
(2021, 10, 27, 2, 18, 33, 5, 0)	21.2	45.0%
(2021, 10, 27, 2, 18, 33, 10, 0)	21.1	45.0%
(2021, 10, 27, 2, 18, 33, 15, 0)	21.1	45.0%
(2021, 10, 27, 2, 18, 33, 20, 0)	21.1	45.0%
(2021, 10, 27, 2, 18, 33, 25, 0)	21.0	45.0%
(2021, 10, 27, 2, 18, 33, 30, 0)	21.1	45.0%
(2021, 10, 27, 2, 18, 33, 36, 0)	21.1	45.0%
(2021, 10, 27, 2, 18, 33, 41, 0)	21.1	45.0%
(2021, 10, 27, 2, 18, 33, 46, 0)	21.1	46.0%
(2021, 10, 27, 2, 18, 33, 51, 0)	21.1	45.0%
(2021, 10, 27, 2, 18, 33, 56, 0)	21.1	45.0%
(2021, 10, 27, 2, 18, 34, 1, 0)	21.1	45.0%
(2021, 10, 27, 2, 18, 34, 6, 0)	21.1	45.0%
(2021, 10, 27, 2, 18, 34, 11, 0)	21.1	45.0%
(2021, 10, 27, 2, 18, 34, 16, 0)	21.1	45.0%
(2021, 10, 27, 2, 18, 34, 21, 0)	21.1	45.0%
(2021, 10, 27, 2, 18, 34, 26, 0)	21.1	45.0%
(2021, 10, 27, 2, 18, 34, 31, 0)	21.1	45.0%
(2021, 10, 27, 2, 18, 34, 37, 0)	21.2	45.0%
(2021, 10, 27, 2, 18, 34, 42, 0)	21.1	45.0%
(2021, 10, 27, 2, 18, 34, 47, 0)	21.2	45.0%
(2021, 10, 27, 2, 18, 34, 52, 0)	21.1	45.0%
(2021, 10, 27, 2, 18, 34, 57, 0)	21.2	45.0%
(2021, 10, 27, 2, 18, 35, 2, 0)	21.1	45.0%
(2021, 10, 27, 2, 18, 35, 7, 0)	21.1	45.0%
(2021, 10, 27, 2, 18, 35, 12, 0)	21.0	45.0%
(2021, 10, 27, 2, 18, 35, 17, 0)	21.1	45.0%
(2021, 10, 27, 2, 18, 35, 22, 0)	21.0	45.0%
(2021, 10, 27, 2, 18, 35, 27, 0)	21.0	45.0%
(2021, 10, 27, 2, 18, 35, 32, 0)	21.1	46.0%
(2021, 10, 27, 2, 18, 35, 38, 0)	21.0	46.0%
(2021, 10, 27, 2, 18, 35, 43, 0)	21.0	46.0%
(2021, 10, 27, 2, 18, 35, 48, 0)	21.0	46.0%
(2021, 10, 27, 2, 18, 35, 53, 0)	21.1	46.0%
(2021, 10, 27, 2, 18, 35, 58, 0)	21.0	46.0%
(2021, 10, 27, 2, 18, 36, 3, 0)	21.0	45.0%
(2021, 10, 27, 2, 18, 36, 8, 0)	21.1	46.0%
(2021, 10, 27, 2, 18, 36, 13, 0)	21.1	46.0%
(2021, 10, 27, 2, 18, 36, 18, 0)	21.1	46.0%
(2021, 10, 27, 2, 18, 36, 23, 0)	21.1	45.0%
(2021, 10, 27, 2, 18, 36, 28, 0)	21.1	46.0%
(2021, 10, 27, 2, 18, 36, 33, 0)	21.2	45.0%
(2021, 10, 27, 2, 18, 36, 38, 0)	21.1	45.0%
(2021, 10, 27, 2, 18, 36, 44, 0)	21.1	45.0%
(2021, 10, 27, 2, 18, 36, 49, 0)	21.1	45.0%
(2021, 10, 27, 2, 18, 36, 54, 0)	21.1	45.0%
(2021, 10, 27, 2, 18, 36, 59, 0)	21.1	45.0%
(2021, 10, 27, 2, 18, 37, 4, 0)	21.2	45.0%
(2021, 10, 27, 2, 18, 37, 9, 0)	21.1	45.0%
(2021, 10, 27, 2, 18, 37, 14, 0)	21.1	45.0%
(2021, 10, 27, 2, 18, 37, 19, 0)	21.0	45.0%
(2021, 10, 27, 2, 18, 37, 24, 0)	21.1	45.0%
(2021, 10, 27, 2, 18, 37, 29, 0)	21.0	45.0%
(2021, 10, 27, 2, 18, 37, 34, 0)	21.1	46.0%
(2021, 10, 27, 2, 18, 37, 39, 0)	21.0	46.0%
(2021, 10, 27, 2, 18, 37, 45, 0)	21.0	46.0%
(2021, 10, 27, 2, 18, 37, 50, 0)	21.0	46.0%
(2021, 10, 27, 2, 18, 37, 55, 0)	21.0	45.0%
(2021, 10, 27, 2, 18, 38, 0, 0)	21.0	46.0%
(2021, 10, 27, 2, 18, 38, 5, 0)	21.0	46.0%
(2021, 10, 27, 2, 18, 38, 10, 0)	21.0	46.0%
(2021, 10, 27, 2, 18, 38, 15, 0)	21.0	46.0%
(2021, 10, 27, 2, 18, 38, 20, 0)	20.9	45.0%
(2021, 10, 27, 2, 18, 38, 25, 0)	20.9	45.0%
(2021, 10, 27, 2, 18, 38, 30, 0)	21.0	46.0%
(2021, 10, 27, 2, 18, 38, 35, 0)	20.9	45.0%
(2021, 10, 27, 2, 18, 38, 40, 0)	20.9	45.0%
(2021, 10, 27, 2, 18, 38, 46, 0)	20.9	45.0%
(2021, 10, 27, 2, 18, 38, 51, 0)	21.0	46.0%
(2021, 10, 27, 2, 18, 38, 56, 0)	21.0	46.0%
(2021, 10, 27, 2, 18, 39, 1, 0)	21.0	46.0%
(2021, 10, 27, 2, 18, 39, 6, 0)	21.0	46.0%
(2021, 10, 27, 2, 18, 39, 11, 0)	21.0	46.0%
(2021, 10, 27, 2, 18, 39, 16, 0)	21.0	46.0%
(2021, 10, 27, 2, 18, 39, 21, 0)	21.0	46.0%
(2021, 10, 27, 2, 18, 39, 26, 0)	21.0	46.0%
(2021, 10, 27, 2, 18, 39, 31, 0)	21.1	46.0%
(2021, 10, 27, 2, 18, 39, 36, 0)	21.0	46.0%
(2021, 10, 27, 2, 18, 39, 41, 0)	21.1	46.0%
(2021, 10, 27, 2, 18, 39, 46, 0)	21.0	46.0%
(2021, 10, 27, 2, 18, 39, 52, 0)	21.0	46.0%
(2021, 10, 27, 2, 18, 39, 57, 0)	21.0	46.0%
(2021, 10, 27, 2, 18, 40, 2, 0)	21.1	46.0%
(2021, 10, 27, 2, 18, 40, 7, 0)	21.0	46.0%
(2021, 10, 27, 2, 18, 40, 12, 0)	20.9	45.0%
(2021, 10, 27, 2, 18, 40, 17, 0)	21.0	46.0%
(2021, 10, 27, 2, 18, 40, 22, 0)	21.0	46.0%
(2021, 10, 27, 2, 18, 40, 27, 0)	21.0	46.0%
(2021, 10, 27, 2, 18, 40, 32, 0)	21.0	46.0%
(2021, 10, 27, 2, 18, 40, 37, 0)	21.1	46.0%
(2021, 10, 27, 2, 18, 40, 42, 0)	21.0	46.0%
(2021, 10, 27, 2, 18, 40, 47, 0)	21.0	46.0%
(2021, 10, 27, 2, 18, 40, 53, 0)	21.0	46.0%
(2021, 10, 27, 2, 18, 40, 58, 0)	21.0	46.0%
(2021, 10, 27, 2, 18, 41, 3, 0)	20.9	45.0%
(2021, 10, 27, 2, 18, 41, 8, 0)	21.0	46.0%
(2021, 10, 27, 2, 18, 41, 13, 0)	20.9	45.0%
(2021, 10, 27, 2, 18, 41, 18, 0)	21.0	46.0%
(2021, 10, 27, 2, 18, 41, 23, 0)	20.9	45.0%
(2021, 10, 27, 2, 18, 41, 28, 0)	21.0	46.0%
(2021, 10, 27, 2, 18, 41, 33, 0)	20.9	45.0%
(2021, 10, 27, 2, 18, 41, 38, 0)	21.0	46.0%
(2021, 10, 27, 2, 18, 41, 43, 0)	21.0	46.0%
(2021, 10, 27, 2, 18, 41, 48, 0)	21.0	46.0%
(2021, 10, 27, 2, 18, 41, 53, 0)	20.9	45.0%
(2021, 10, 27, 2, 18, 41, 59, 0)	20.9	45.0%
(2021, 10, 27, 2, 18, 42, 4, 0)	20.9	45.0%
(2021, 10, 27, 2, 18, 42, 9, 0)	20.9	45.0%
(2021, 10, 27, 2, 18, 42, 14, 0)	20.9	45.0%
(2021, 10, 27, 2, 18, 42, 19, 0)	21.0	46.0%
(2021, 10, 27, 2, 18, 42, 24, 0)	20.8	45.0%
(2021, 10, 27, 2, 18, 42, 29, 0)	20.9	45.0%
(2021, 10, 27, 2, 18, 42, 34, 0)	20.9	45.0%
(2021, 10, 27, 2, 18, 42, 39, 0)	20.9	45.0%
(2021, 10, 27, 2, 18, 42, 44, 0)	20.8	45.0%
