year,month,day,hour,minute,second,temperature
2022,8,18,19,21,39,20.49038
2022,8,18,19,21,40,22.36296
2022,8,18,19,21,41,23.29925
2022,8,18,19,21,42,23.29925
2022,8,18,19,21,43,23.29925
2022,8,18,19,21,44,22.8311
2022,8,18,19,21,45,22.8311
2022,8,18,19,21,46,23.29925
2022,8,18,19,21,47,22.8311
2022,8,18,19,21,48,23.29925
2022,8,18,19,21,49,23.29925
2022,8,18,19,21,50,22.8311
2022,8,18,19,21,51,23.29925
2022,8,18,19,21,52,23.29925
2022,8,18,19,21,53,23.29925
2022,8,18,19,21,54,22.8311
2022,8,18,19,21,55,22.8311
2022,8,18,19,21,56,23.29925
2022,8,18,19,21,57,22.8311
2022,8,18,19,21,58,22.8311
2022,8,18,19,22,0,22.8311
2022,8,18,19,22,1,23.29925
2022,8,18,19,22,2,22.8311
2022,8,18,19,22,3,23.29925
2022,8,18,19,22,4,23.29925
2022,8,18,19,22,5,23.29925
2022,8,18,19,22,6,23.29925
2022,8,18,19,22,7,22.8311
2022,8,18,19,22,8,22.8311
2022,8,18,19,22,9,23.29925
2022,8,18,19,22,10,22.8311
2022,8,18,19,22,11,22.8311
2022,8,18,19,22,12,22.8311
2022,8,18,19,22,13,22.8311
2022,8,18,19,22,14,23.29925
2022,8,18,19,22,15,23.29925
2022,8,18,19,22,16,23.29925
2022,8,18,19,22,17,22.8311
2022,8,18,19,22,18,23.29925
2022,8,18,19,22,19,22.8311
2022,8,18,19,22,21,23.29925
2022,8,18,19,22,22,23.29925
2022,8,18,19,22,23,22.8311
2022,8,18,19,22,24,22.8311
2022,8,18,19,22,25,23.29925
2022,8,18,19,22,26,23.29925
2022,8,18,19,22,27,23.29925
2022,8,18,19,22,28,23.29925
2022,8,18,19,22,29,23.29925
2022,8,18,19,22,30,23.29925
2022,8,18,19,22,31,23.29925
2022,8,18,19,22,32,22.8311
2022,8,18,19,22,33,23.29925
2022,8,18,19,22,34,23.29925
2022,8,18,19,22,35,23.29925
2022,8,18,19,22,36,23.29925
2022,8,18,19,22,37,22.8311
2022,8,18,19,22,38,22.36296
2022,8,18,19,22,39,23.29925
2022,8,18,19,22,41,22.8311
2022,8,18,19,22,42,22.8311
2022,8,18,19,22,43,23.29925
2022,8,18,19,22,44,23.29925
2022,8,18,19,22,45,23.29925
2022,8,18,19,22,46,22.8311
2022,8,18,19,22,47,23.29925
2022,8,18,19,22,48,23.29925
2022,8,18,19,22,49,23.29925
2022,8,18,19,22,50,23.29925
2022,8,18,19,22,51,23.29925
2022,8,18,19,22,52,23.29925
2022,8,18,19,22,53,23.29925
2022,8,18,19,22,54,22.8311
2022,8,18,19,22,55,22.8311
2022,8,18,19,22,56,22.8311
2022,8,18,19,22,57,23.29925
2022,8,18,19,22,58,23.29925
2022,8,18,19,23,0,22.8311
2022,8,18,19,23,1,23.29925
2022,8,18,19,23,2,22.8311
2022,8,18,19,23,3,23.29925
2022,8,18,19,23,4,23.29925
2022,8,18,19,23,5,22.8311
2022,8,18,19,23,6,22.8311
2022,8,18,19,23,7,22.8311
2022,8,18,19,23,8,23.29925
2022,8,18,19,23,9,22.8311
2022,8,18,19,23,10,23.29925
2022,8,18,19,23,11,23.29925
2022,8,18,19,23,12,22.8311
2022,8,18,19,23,13,22.8311
2022,8,18,19,23,14,22.8311
2022,8,18,19,23,15,22.8311
2022,8,18,19,23,16,23.29925
2022,8,18,19,23,18,23.29925
2022,8,18,19,23,19,23.29925
2022,8,18,19,23,20,22.8311
2022,8,18,19,23,21,22.8311
2022,8,18,19,23,22,23.29925
2022,8,18,19,23,23,22.8311
2022,8,18,19,23,24,23.29925
2022,8,18,19,23,25,22.8311
2022,8,18,19,23,26,22.8311
2022,8,18,19,23,27,23.29925
2022,8,18,19,23,28,23.29925
2022,8,18,19,23,29,23.29925
2022,8,18,19,23,30,23.29925
2022,8,18,19,23,31,23.29925
2022,8,18,19,23,32,23.29925
2022,8,18,19,23,33,23.29925
2022,8,18,19,23,35,22.8311
2022,8,18,19,23,36,23.29925
2022,8,18,19,23,37,23.29925
2022,8,18,19,23,38,23.29925
2022,8,18,19,23,39,23.29925
2022,8,18,19,23,40,23.29925
2022,8,18,19,23,41,23.29925
2022,8,18,19,23,42,23.29925
2022,8,18,19,23,43,23.29925
2022,8,18,19,23,44,23.29925
2022,8,18,19,23,45,22.8311
2022,8,18,19,23,46,22.8311
2022,8,18,19,23,47,23.29925
2022,8,18,19,23,48,23.29925
2022,8,18,19,23,49,23.29925
2022,8,18,19,23,50,23.29925
2022,8,18,19,23,52,23.29925
2022,8,18,19,23,53,23.29925
2022,8,18,19,23,54,22.8311
2022,8,18,19,23,55,23.29925
2022,8,18,19,23,56,22.8311
2022,8,18,19,23,57,23.29925
2022,8,18,19,23,58,23.29925
2022,8,18,19,23,59,23.29925
2022,8,18,19,24,0,23.29925
2022,8,18,19,24,1,23.29925
2022,8,18,19,24,2,23.29925
2022,8,18,19,24,3,23.29925
2022,8,18,19,24,4,22.8311
2022,8,18,19,24,5,23.29925
2022,8,18,19,24,6,22.8311
2022,8,18,19,24,7,23.29925
2022,8,18,19,24,9,22.8311
2022,8,18,19,24,10,23.29925
2022,8,18,19,24,11,23.29925
2022,8,18,19,24,12,23.29925
2022,8,18,19,24,13,22.8311
2022,8,18,19,24,14,23.29925
2022,8,18,19,24,15,22.8311
2022,8,18,19,24,16,22.8311
2022,8,18,19,24,17,23.29925
2022,8,18,19,24,18,23.29925
2022,8,18,19,24,19,22.8311
2022,8,18,19,24,20,22.8311
2022,8,18,19,24,21,23.29925
2022,8,18,19,24,22,23.29925
2022,8,18,19,24,23,23.29925
2022,8,18,19,24,24,23.29925
2022,8,18,19,24,25,23.29925
2022,8,18,19,24,26,23.29925
2022,8,18,19,24,28,22.8311
2022,8,18,19,24,29,22.8311
2022,8,18,19,24,30,23.29925
2022,8,18,19,24,31,23.29925
2022,8,18,19,24,32,22.8311
2022,8,18,19,24,33,22.8311
2022,8,18,19,24,34,22.8311
2022,8,18,19,24,35,23.29925
2022,8,18,19,24,36,23.29925
2022,8,18,19,24,37,23.76739
2022,8,18,19,24,38,23.29925
2022,8,18,19,24,39,23.29925
2022,8,18,19,24,40,23.29925
2022,8,18,19,24,41,23.29925
2022,8,18,19,24,42,23.29925
2022,8,18,19,24,43,23.29925
2022,8,18,19,24,44,23.29925
2022,8,18,19,24,45,22.8311
2022,8,18,19,24,46,22.8311
2022,8,18,19,24,47,23.29925
2022,8,18,19,24,48,23.76739
2022,8,18,19,24,50,22.8311
2022,8,18,19,24,51,23.76739
2022,8,18,19,24,52,22.8311
2022,8,18,19,24,53,23.29925
2022,8,18,19,24,54,23.29925
2022,8,18,19,24,55,23.29925
2022,8,18,19,24,56,22.8311
2022,8,18,19,24,57,23.29925
2022,8,18,19,24,58,23.29925
2022,8,18,19,24,59,23.29925
2022,8,18,19,25,0,22.8311
2022,8,18,19,25,1,23.29925
2022,8,18,19,25,2,23.29925
2022,8,18,19,25,3,22.36296
2022,8,18,19,25,4,23.29925
2022,8,18,19,25,5,22.8311
2022,8,18,19,25,6,23.29925
2022,8,18,19,25,8,23.29925
2022,8,18,19,25,9,23.29925
2022,8,18,19,25,10,22.8311
2022,8,18,19,25,11,23.76739
2022,8,18,19,25,12,23.29925
2022,8,18,19,25,13,23.29925
2022,8,18,19,25,14,23.29925
2022,8,18,19,25,15,22.8311
2022,8,18,19,25,16,22.8311
2022,8,18,19,25,17,23.29925
2022,8,18,19,25,18,23.29925
2022,8,18,19,25,19,23.29925
2022,8,18,19,25,20,23.29925
2022,8,18,19,25,21,22.8311
2022,8,18,19,25,22,23.29925
2022,8,18,19,25,23,23.29925
2022,8,18,19,25,24,23.29925
2022,8,18,19,25,25,23.29925
2022,8,18,19,25,26,22.8311
2022,8,18,19,25,28,23.29925
2022,8,18,19,25,29,22.8311
2022,8,18,19,25,30,22.8311
2022,8,18,19,25,31,23.76739
2022,8,18,19,25,32,22.8311
2022,8,18,19,25,33,22.8311
2022,8,18,19,25,34,23.29925
2022,8,18,19,25,35,22.8311
2022,8,18,19,25,36,22.8311
2022,8,18,19,25,37,23.29925
2022,8,18,19,25,38,23.29925
2022,8,18,19,25,39,23.29925
2022,8,18,19,25,40,22.8311
2022,8,18,19,25,41,23.29925
2022,8,18,19,25,42,22.8311
2022,8,18,19,25,43,23.29925
2022,8,18,19,25,44,23.76739
2022,8,18,19,25,46,23.29925
2022,8,18,19,25,47,23.29925
2022,8,18,19,25,48,23.29925
2022,8,18,19,25,49,23.76739
2022,8,18,19,25,50,23.29925
2022,8,18,19,25,51,23.29925
2022,8,18,19,25,52,23.29925
2022,8,18,19,25,53,23.29925
2022,8,18,19,25,54,23.29925
2022,8,18,19,25,55,22.8311
2022,8,18,19,25,56,23.29925
2022,8,18,19,25,57,22.8311
2022,8,18,19,25,58,23.29925
2022,8,18,19,25,59,23.29925
2022,8,18,19,26,0,22.8311
2022,8,18,19,26,1,22.8311
2022,8,18,19,26,3,23.29925
2022,8,18,19,26,4,23.29925
2022,8,18,19,26,5,23.29925
2022,8,18,19,26,6,23.29925
2022,8,18,19,26,7,23.29925
2022,8,18,19,26,8,23.29925
2022,8,18,19,26,9,23.29925
2022,8,18,19,26,10,23.29925
2022,8,18,19,26,11,22.8311
2022,8,18,19,26,12,23.29925
2022,8,18,19,26,13,23.29925
2022,8,18,19,26,14,23.29925
2022,8,18,19,26,15,22.8311
2022,8,18,19,26,16,22.8311
2022,8,18,19,26,17,23.29925
2022,8,18,19,26,18,22.8311
2022,8,18,19,26,19,23.29925
2022,8,18,19,26,21,22.8311
2022,8,18,19,26,22,23.29925
2022,8,18,19,26,23,23.29925
2022,8,18,19,26,24,23.29925
2022,8,18,19,26,25,23.29925
2022,8,18,19,26,26,23.29925
2022,8,18,19,26,27,23.29925
2022,8,18,19,26,28,23.29925
2022,8,18,19,26,29,23.29925
2022,8,18,19,26,30,22.8311
2022,8,18,19,26,31,23.29925
2022,8,18,19,26,32,23.76739
2022,8,18,19,26,33,23.29925
2022,8,18,19,26,34,22.8311
2022,8,18,19,26,35,23.29925
2022,8,18,19,26,36,23.29925
2022,8,18,19,26,38,22.8311
2022,8,18,19,26,39,22.8311
2022,8,18,19,26,40,23.29925
2022,8,18,19,26,41,22.8311
2022,8,18,19,26,42,23.29925
2022,8,18,19,26,43,23.29925
2022,8,18,19,26,44,23.29925
2022,8,18,19,26,45,23.29925
2022,8,18,19,26,46,23.29925
2022,8,18,19,26,47,22.8311
2022,8,18,19,26,48,23.29925
2022,8,18,19,26,49,23.29925
2022,8,18,19,26,50,23.29925
2022,8,18,19,26,51,22.8311
2022,8,18,19,26,52,22.8311
2022,8,18,19,26,54,22.8311
2022,8,18,19,26,55,22.8311
2022,8,18,19,26,56,23.29925
2022,8,18,19,26,57,22.8311
2022,8,18,19,26,58,23.29925
2022,8,18,19,26,59,23.29925
2022,8,18,19,27,0,23.29925
2022,8,18,19,27,1,23.76739
2022,8,18,19,27,2,23.29925
2022,8,18,19,27,3,23.29925
2022,8,18,19,27,4,22.8311
2022,8,18,19,27,5,23.29925
2022,8,18,19,27,6,22.8311
2022,8,18,19,27,7,22.8311
2022,8,18,19,27,8,23.29925
2022,8,18,19,27,9,22.8311
2022,8,18,19,27,10,23.29925
2022,8,18,19,27,11,23.29925
2022,8,18,19,27,12,23.29925
2022,8,18,19,27,14,23.29925
2022,8,18,19,27,15,23.29925
2022,8,18,19,27,16,23.29925
2022,8,18,19,27,17,23.29925
2022,8,18,19,27,18,23.29925
2022,8,18,19,27,19,23.29925
2022,8,18,19,27,20,23.29925
2022,8,18,19,27,21,22.8311
2022,8,18,19,27,22,23.29925
2022,8,18,19,27,23,23.29925
2022,8,18,19,27,24,23.29925
2022,8,18,19,27,25,23.29925
2022,8,18,19,27,26,23.29925
2022,8,18,19,27,27,23.29925
2022,8,18,19,27,28,23.29925
2022,8,18,19,27,29,23.76739
2022,8,18,19,27,30,23.29925
2022,8,18,19,27,31,23.29925
2022,8,18,19,27,32,22.8311
2022,8,18,19,27,33,23.29925
2022,8,18,19,27,34,22.8311
2022,8,18,19,27,36,23.29925
2022,8,18,19,27,37,23.29925
2022,8,18,19,27,38,22.8311
2022,8,18,19,27,39,23.29925
2022,8,18,19,27,40,23.29925
2022,8,18,19,27,41,23.29925
2022,8,18,19,27,42,23.29925
2022,8,18,19,27,43,22.8311
2022,8,18,19,27,44,23.29925
2022,8,18,19,27,45,23.29925
2022,8,18,19,27,46,22.8311
2022,8,18,19,27,47,22.8311
2022,8,18,19,27,48,23.29925
2022,8,18,19,27,49,23.29925
2022,8,18,19,27,50,22.8311
2022,8,18,19,27,51,22.8311
2022,8,18,19,27,52,23.29925
2022,8,18,19,27,53,23.29925
2022,8,18,19,27,55,23.29925
2022,8,18,19,27,56,23.29925
2022,8,18,19,27,57,22.8311
2022,8,18,19,27,58,23.76739
2022,8,18,19,27,59,23.76739
2022,8,18,19,28,0,23.29925
2022,8,18,19,28,1,23.29925
2022,8,18,19,28,2,23.29925
2022,8,18,19,28,3,23.29925
2022,8,18,19,28,4,22.8311
2022,8,18,19,28,5,23.29925
2022,8,18,19,28,6,23.29925
2022,8,18,19,28,7,23.29925
2022,8,18,19,28,8,23.76739
2022,8,18,19,28,9,23.29925
2022,8,18,19,28,10,22.8311
2022,8,18,19,28,11,23.29925
2022,8,18,19,28,12,22.8311
2022,8,18,19,28,14,23.29925
2022,8,18,19,28,15,22.8311
2022,8,18,19,28,16,23.29925
2022,8,18,19,28,17,23.29925
2022,8,18,19,28,18,23.29925
2022,8,18,19,28,19,22.8311
2022,8,18,19,28,20,23.29925
2022,8,18,19,28,21,23.29925
2022,8,18,19,28,22,23.29925
2022,8,18,19,28,23,23.29925
2022,8,18,19,28,24,23.29925
2022,8,18,19,28,25,23.29925
2022,8,18,19,28,26,23.29925
2022,8,18,19,28,27,23.29925
2022,8,18,19,28,28,23.29925
2022,8,18,19,28,29,23.29925
2022,8,18,19,28,30,23.29925
2022,8,18,19,28,32,23.29925
2022,8,18,19,28,33,23.29925
2022,8,18,19,28,34,23.29925
2022,8,18,19,28,35,23.29925
2022,8,18,19,28,36,23.29925
2022,8,18,19,28,37,23.29925
2022,8,18,19,28,38,22.8311
2022,8,18,19,28,39,23.29925
2022,8,18,19,28,40,23.29925
2022,8,18,19,28,41,22.8311
2022,8,18,19,28,42,22.8311
2022,8,18,19,28,43,23.29925
2022,8,18,19,28,44,23.29925
2022,8,18,19,28,45,23.29925
2022,8,18,19,28,46,23.29925
2022,8,18,19,28,47,23.76739
2022,8,18,19,28,49,22.8311
2022,8,18,19,28,50,23.29925
2022,8,18,19,28,51,23.29925
2022,8,18,19,28,52,22.8311
2022,8,18,19,28,53,22.8311
2022,8,18,19,28,54,23.29925
2022,8,18,19,28,55,23.29925
2022,8,18,19,28,56,23.76739
2022,8,18,19,28,57,23.29925
2022,8,18,19,28,58,23.29925
2022,8,18,19,28,59,22.8311
2022,8,18,19,29,0,23.29925
2022,8,18,19,29,1,23.29925
2022,8,18,19,29,2,23.29925
2022,8,18,19,29,3,23.29925
2022,8,18,19,29,4,23.29925
2022,8,18,19,29,6,23.29925
2022,8,18,19,29,7,23.29925
2022,8,18,19,29,8,22.8311
2022,8,18,19,29,9,23.29925
2022,8,18,19,29,10,23.29925
2022,8,18,19,29,11,22.8311
2022,8,18,19,29,12,22.8311
2022,8,18,19,29,13,23.29925
2022,8,18,19,29,14,23.29925
2022,8,18,19,29,15,23.29925
2022,8,18,19,29,16,23.29925
2022,8,18,19,29,17,22.8311
2022,8,18,19,29,18,23.29925
2022,8,18,19,29,19,23.29925
2022,8,18,19,29,20,23.76739
2022,8,18,19,29,22,23.29925
2022,8,18,19,29,23,23.29925
2022,8,18,19,29,24,22.8311
2022,8,18,19,29,25,23.29925
2022,8,18,19,29,26,23.29925
2022,8,18,19,29,27,22.8311
2022,8,18,19,29,28,22.8311
2022,8,18,19,29,29,23.76739
2022,8,18,19,29,30,23.29925
2022,8,18,19,29,31,23.29925
2022,8,18,19,29,32,22.8311
2022,8,18,19,29,33,23.29925
2022,8,18,19,29,34,22.8311
2022,8,18,19,29,35,23.29925
2022,8,18,19,29,36,22.8311
2022,8,18,19,29,37,23.29925
2022,8,18,19,29,38,23.29925
2022,8,18,19,29,39,22.8311
2022,8,18,19,29,41,23.29925
2022,8,18,19,29,42,23.29925
2022,8,18,19,29,43,23.29925
2022,8,18,19,29,44,23.29925
2022,8,18,19,29,45,22.8311
2022,8,18,19,29,46,23.29925
2022,8,18,19,29,47,23.29925
2022,8,18,19,29,48,22.8311
2022,8,18,19,29,49,23.29925
2022,8,18,19,29,50,23.29925
2022,8,18,19,29,51,22.8311
2022,8,18,19,29,52,23.29925
2022,8,18,19,29,53,23.29925
2022,8,18,19,29,54,23.29925
2022,8,18,19,29,55,23.29925
2022,8,18,19,29,56,23.29925
2022,8,18,19,29,57,23.29925
2022,8,18,19,29,58,23.29925
2022,8,18,19,29,59,23.29925
2022,8,18,19,30,0,23.29925
2022,8,18,19,30,2,23.29925
2022,8,18,19,30,3,23.29925
2022,8,18,19,30,4,22.8311
2022,8,18,19,30,5,23.29925
2022,8,18,19,30,6,23.29925
2022,8,18,19,30,7,23.29925
2022,8,18,19,30,8,23.29925
2022,8,18,19,30,9,23.29925
2022,8,18,19,30,10,23.29925
2022,8,18,19,30,11,23.29925
2022,8,18,19,30,12,23.29925
2022,8,18,19,30,13,23.29925
2022,8,18,19,30,14,22.8311
2022,8,18,19,30,15,23.76739
2022,8,18,19,30,16,23.29925
2022,8,18,19,30,17,23.29925
2022,8,18,19,30,18,23.29925
2022,8,18,19,30,19,23.29925
2022,8,18,19,30,20,22.8311
2022,8,18,19,30,22,23.29925
2022,8,18,19,30,23,23.29925
2022,8,18,19,30,24,23.29925
2022,8,18,19,30,25,23.29925
2022,8,18,19,30,26,22.8311
2022,8,18,19,30,27,22.8311
2022,8,18,19,30,28,22.8311
2022,8,18,19,30,29,22.8311
2022,8,18,19,30,30,22.8311
2022,8,18,19,30,31,23.29925
2022,8,18,19,30,32,23.29925
2022,8,18,19,30,33,23.29925
2022,8,18,19,30,34,23.29925
2022,8,18,19,30,35,23.29925
2022,8,18,19,30,36,23.29925
2022,8,18,19,30,37,23.29925
2022,8,18,19,30,38,23.29925
2022,8,18,19,30,39,23.29925
2022,8,18,19,30,41,23.29925
2022,8,18,19,30,42,23.29925
2022,8,18,19,30,43,23.29925
2022,8,18,19,30,44,22.8311
2022,8,18,19,30,45,23.29925
2022,8,18,19,30,46,23.29925
2022,8,18,19,30,47,22.8311
2022,8,18,19,30,48,22.8311
2022,8,18,19,30,49,23.76739
2022,8,18,19,30,50,23.76739
2022,8,18,19,30,51,23.29925
2022,8,18,19,30,52,23.29925
2022,8,18,19,30,53,23.29925
2022,8,18,19,30,54,23.29925
2022,8,18,19,30,55,23.29925
2022,8,18,19,30,56,23.29925
2022,8,18,19,30,58,23.29925
2022,8,18,19,30,59,23.29925
2022,8,18,19,31,0,23.29925
